.Random.seed <-
c(403L, 19L, 220157759L, 1579898054L, 1447348560L, 447723891L, 
869417873L, 181687744L, -262090850L, -2113638039L, 914686363L, 
1497740458L, -2058030388L, -12321905L, -2124955707L, -2045418628L, 
318692306L, 425024333L, 1626188295L, 1205107182L, 2034177224L, 
40549323L, -1041879511L, 1845945464L, 1171693990L, -525253695L, 
-1894059949L, -306235646L, -2090040780L, -523077705L, -1708300371L, 
-1551788860L, 759568618L, -913850539L, 2098778351L, 984487670L, 
1037681184L, -1382823965L, -262427519L, -389223696L, 989585806L, 
567480057L, 1615445131L, -1779850054L, -347881540L, -1807434497L, 
128913493L, 294372204L, -214156350L, 1642818589L, -1588474729L, 
2128505342L, -747837000L, 1008035227L, -1376236551L, 1508070216L, 
-1385677194L, -809568335L, 1773406691L, -902390094L, 490459908L, 
2035748935L, 1997584157L, 641879444L, 1257550138L, 91295109L, 
1988920927L, 864121062L, 1719481200L, 797054099L, -1688137423L, 
1381890016L, -1577649026L, 1169157897L, -986730181L, 980882698L, 
-326742804L, -523912849L, -2099298651L, 1381142620L, 441993266L, 
-2097381587L, -728363545L, -1450864370L, -1515981080L, -1078912789L, 
227531145L, -1880741608L, -1330791354L, 189826209L, -1816958157L, 
309400226L, -1244534380L, -1721141225L, 744955917L, -1065425628L, 
-773431030L, -1040164747L, 1171551183L, 1134445782L, 1822708864L, 
-1710314813L, 989803617L, 968586448L, 785770030L, 273373145L, 
1227061227L, -202379686L, -1756010468L, 259487007L, -1022741131L, 
-1365277684L, -676739614L, -436029763L, -34631369L, -1131694626L, 
1789455128L, -1124900229L, 481071129L, 333269160L, -1177998762L, 
707827409L, 2080937603L, -988476142L, 983668900L, -1738303385L, 
1397086653L, -157600972L, 629545114L, -1420280091L, -721004417L, 
2043810310L, 2134670736L, 1407279155L, -573304879L, 138052992L, 
-1311455138L, 1156081577L, -1107435941L, 1319895658L, -1876644084L, 
-1877259953L, -1621757435L, 1583702204L, -414037614L, -1592909171L, 
-1925771065L, 73606574L, 1797369864L, 1675682827L, -1698914071L, 
1648025528L, 1941272678L, 2028071169L, 195665811L, -1446383550L, 
885012468L, -791977481L, 1394058733L, -1898322300L, 923424938L, 
-1998412267L, 634354351L, 158085302L, 535719648L, -1596935645L, 
1151982913L, -1564614608L, 1031813710L, 1668120249L, 1050168011L, 
441027450L, 1503935100L, 787402431L, 486176661L, 726069164L, 
2019437954L, -1382419619L, 1229119063L, 223018302L, -1143108232L, 
779165275L, 1059731897L, 1675660296L, 1450284726L, 1089185265L, 
146308131L, -102427534L, -125712700L, -1868439417L, -1211390883L, 
-2053813676L, -9985926L, -1453481019L, -1017064161L, 1670640806L, 
-192068048L, -228844333L, -1991634191L, -1022549472L, -1703787330L, 
-380522295L, 1047720571L, -1080829878L, 426256556L, 194989999L, 
241605477L, 1980363036L, 592705906L, 1468393965L, 61177383L, 
1204792910L, -138784088L, -677580629L, 1682217417L, 781579736L, 
-880999290L, 1862953313L, 972860659L, 1246696290L, -97968684L, 
-1358227241L, 545909453L, -166184348L, -514199478L, 281097653L, 
2110347535L, -242678250L, -1107115840L, 972248386L, -1732726016L, 
1605256124L, -1486081200L, 1886113058L, -447366840L, -228185076L, 
128476252L, 1152730322L, -382192640L, -745031852L, 1278491112L, 
-221445126L, 900408016L, 1657498924L, -1945008908L, 1252934546L, 
-368094112L, 1358727436L, -1525792032L, -2020930206L, -462076248L, 
777068108L, 2045010812L, -1799426254L, 1674676848L, -1166753468L, 
244348888L, -665480070L, 698157616L, 384480956L, 754513748L, 
26003010L, -1110485088L, 276440252L, 822796752L, -2122845854L, 
1324019688L, 1469174732L, -872274180L, 1469400050L, 2022419584L, 
-151222028L, 846848136L, 7635258L, -903451824L, -1436041108L, 
-1895973740L, -1595947694L, -1730737440L, -862712628L, -965249888L, 
-981928574L, -137091864L, -1344568084L, 330725436L, 705195122L, 
1739103344L, 1760457252L, -163641800L, 1298965018L, -935342896L, 
118337084L, -361850732L, 1439679618L, -2137586752L, 686631228L, 
-477344112L, -1070410718L, -1552121848L, -1371593588L, -516006884L, 
-643014510L, -1146954624L, -1923134444L, 419911464L, -441663430L, 
-248129328L, 1774309484L, 753731252L, -323793902L, 749298656L, 
-2026572852L, 99375584L, 1465985058L, 1940303144L, -891309812L, 
-149728708L, -999839502L, -328520464L, -59293884L, 171138136L, 
643558970L, 1310111984L, -1068202308L, 1924473364L, 1590817986L, 
-1463600544L, 1413443964L, 1478569168L, 134541346L, -1067101016L, 
788803980L, -35847748L, 1385417778L, 1259220800L, -483800396L, 
-1463349944L, -1480968518L, 593804048L, -1565308692L, 326151252L, 
-17169646L, 123071904L, 1377900492L, 550628192L, 1563372738L, 
-383409624L, -274227796L, -1094507716L, 175222642L, 1558716208L, 
441875492L, 1626821176L, 1145226970L, 52487056L, 763367676L, 
1912039828L, -824132798L, -1804488192L, 1385002044L, -1761105328L, 
-1826335582L, -677173432L, -1006967284L, -1471703332L, -887988142L, 
-1089597312L, -1926057132L, 1332663272L, -393325830L, -2073686192L, 
-1923575764L, 695964020L, -1872893294L, -354528672L, 1973189772L, 
-150262432L, -1128824606L, -593078104L, 1138803404L, -1474148868L, 
261904306L, 1385869296L, 720698820L, 1635354968L, 2133896570L, 
1218043312L, 1058331068L, 1610312276L, 1178348994L, -320992480L, 
978561980L, 411087952L, 1867798498L, 1593842536L, 1477109580L, 
-1072964868L, 1263833842L, -1753468672L, 11883636L, -1804207608L, 
1673044410L, -1847936560L, 214455276L, 198023060L, 1098097874L, 
-652308384L, -205260468L, -1224466656L, 125510274L, -1469582872L, 
1638040556L, -1735082436L, 1663963762L, 1502402416L, -1589100252L, 
595689016L, -853332582L, 409048528L, -1068502596L, 23304852L, 
-1269418366L, -1631880768L, -98558148L, 204818064L, -1515896030L, 
781889032L, -1394497780L, 720789404L, 1537669138L, 2133312384L, 
1119010580L, -1377818328L, 1901541434L, -1402214448L, 800752236L, 
-1545911244L, 1238396050L, -89180832L, -1439850164L, 325100000L, 
1785018274L, -1029546072L, -1175466868L, -843158596L, 618365042L, 
-781872144L, -670367676L, 409097304L, 975063098L, 1320910960L, 
-787051972L, -1164276972L, 1651826370L, 989437664L, -227998596L, 
-788663535L, -1037499901L, -619965180L, -224825038L, -448503929L, 
-1077613103L, 1462443862L, 1232469300L, -602155963L, -1999881073L, 
1475746312L, 1293678118L, 1533112019L, 82501685L, -256872558L, 
-1308111008L, -152831287L, -918057477L, -2079712820L, -1722904486L, 
64326991L, -1425980391L, -236746194L, 1112467516L, 1985322413L, 
1800527447L, 1145843616L, 2049936638L, 972959691L, 68045261L, 
-1296282374L, 337510200L, -1580905247L, -1635778669L, -62467148L, 
2068846786L, 2062425303L, 1668962593L, -2106920730L, -1652271644L, 
-1056468715L, 257796415L, 899183832L, 1206689014L, -1510398205L, 
-2054823867L, 745799778L, -260519984L, 1790795001L, -2126146005L, 
1555325340L, -1057078838L, 896557759L, -925051895L, 1771463966L, 
863545548L, -467051363L, 4587815L, -2071024816L, -1919232530L, 
-687435109L, -17050371L, -1234453526L, -1905542008L, -1278729679L, 
-577817437L, -814548828L, -1812117166L, 378565799L, -584929039L, 
1574258742L, -662734636L, 1282690149L, -863943057L, 84396200L, 
1027724806L, 1586935603L, -812403819L, -114161678L, 87852096L, 
1457241513L, 342070299L, 1596396012L, 486255098L, -249622993L, 
1574394425L, 570995790L, -152453988L, 1606430221L, -1371188617L, 
2135990912L, 1988830L, -1935789141L, 424328365L, 2082013466L, 
554513880L, -1128976831L, -380148493L, -1509428460L, 583156386L, 
-232686665L, -1293903999L, -182198906L, -1398493244L, -782257419L, 
925296479L, 1020373432L, -173420394L, 1851487907L, 2117261413L, 
1058303362L, 1402392304L, 1775362713L, 1776813707L, -182966404L, 
1900603818L, -615325217L, -1893812375L, 67796862L, -78002324L, 
-1383466051L, 1516497031L, -1841404816L, 460775182L, -715807685L, 
1917315869L, -1477008950L, 840862440L, 834436561L, -1518293053L, 
-1847625532L, -1520859278L, 1090140743L, -500151791L, 168248214L, 
-1277458700L, 1256728709L, -1237344817L, 2047879368L, 1213481318L, 
610300819L, -1797686027L, 1099160786L, 1405848352L, 1140458249L, 
-1511447493L, -632051316L, -1800191974L, 519311L, -1470753831L, 
